32 8388608 4194304 4
935515358
3726138999
3726200600
2243912968
2242935677
935752641
2242943946
991553384
329058061
1197793755
3269014967
328730144
3268858606
936295717
1208369694
991400363
3784750802
473446493
1209003126
473888772
3784686704
2728652010
3269190162
991301737
1198150066
935927921
935519912
3042007773
2710433308
2729141291
2728999132
3785148597
2728555939
1044850312
935971832
457283639
1045209262
102645871
102164764
1999859649
1044410973
935592348
1098437072
2000419971
2615532418
2800400641
1044641557
1044792718
2585866720
3509835035
3429936041
1821270714
2799761616
4163095555
3803393718
2000262101
4151753761
2586454455
1820361926
340371388
2230368737
1428554801
1191466703
1428706172
460327181
1191326401
1191473260
4151793371
340146991
672635771
1647606227
980340837
460825935
814557674
1648251544
1648149715
340079112
672199179
339753923
1080510775
979919138
2928431678
1193876190
1648250907
959911774
1080603944
1193782558
2019388570
2579678302
2927994812
2719924211
3622340157
960278958
4212094493
2927626374
960185773
906773549
4211299283
2021238863
3338923341
960143472
2719177798
264270517
3338895231
2719640961
906216684
2467700421
3086620834
2719649907
2507712369
3125304695
3086078020
3339122455
2507619762
3723652838
3762527973
1773762791
978780820
3762512841
1774074562
978537983
1005613084
1773991739
4157470735
1447675798
2962427526
3339330553
3833575644
1282166840
3833556823
4157007039
1819148762
1098458990
3833187967
425966589
3502350501
1854986683
3833181973
1818608848
2962666738
4157156564
426320452
3271502079
3832923908
63169544
3270973028
425822732
425748681
1698264901
2009856204
4112274547
2009568473
2157126591
4218988731
684850670
426261278
685395891
63953048
1276056565
1770158048
4005737045
63726706
1554702528
2157061187
1770993563
2157208649
1512688940
3099886712
3870074089
304836278
323700554
2946406376
2669602344
2157037230
323290298
3391724350
3181482723
2157523040
1751629841
2352973224
3457754825
2352065670
2945566079
2752871492
3702929180
3391923263
3702772987
3181913533
4215407526
3182247830
2352732775
399924215
486355388
485736477
2606326414
486277529
1949277013
2352220922
3749475945
1838727876
2352542998
1988704082
485651986
485657875
1858487093
1988280656
4244540493
3733628379
3470975354
1715286407
3937694605
1858861725
4244237451
3899857184
3733869010
3471465534
3334771075
3335171461
1714954617
2437198804
166409863
2042758979
3334741205
271557508
3938183797
4094466671
939337672
285345686
83798438
2186803642
83790513
1230300296
391729952
1723626607
4094318276
4194726616
4093918436
1578745574
1578305540
1230749575
1466697297
1723460901
304872852
1466068174
3977383236
1053592842
1053756941
3977389380
3981698066
1989014784
4259588552
1466787839
2740857825
3981815603
3989580598
2591226840
1988422513
1466158658
1715695380
1596776653
1716044699
3048427565
17473495
2591328662
1596702134
3982314210
2411578180
3523156464
1466647334
2411511371
1596960062
1403304379
2724796025
130240064
3244027299
982625707
360689569
1702502537
983508997
1596154240
2837960765
2381387152
2725012518
982702206
1439092886
360144427
1558932908
2838381027
983219648
359815360
2578821561
1956403836
2996972421
3645926023
2579195429
2578974345
3955527589
2997570003
359726675
3132932444
3774448662
3774212813
902665559
3573581547
3955693740
360129964
2997174618
488573673
3774136952
2642362914
836082836
1652556909
2419569830
836570074
2642136041
812805654
2879536585
1653167329
2419656704
853181626
3858122606
3857867430
975192699
975295654
813282121
386652901
1652790760
3857808509
975699499
1708710639
852740008
1709115688
3858693170
2083964808
1586653654
1118484650
3858053860
209646665
841111369
1757327770
841002143
2283446756
976028239
2283320274
209582515
1653477213
2520403186
398908027
1300928716
1301183549
1652616538
1678667462
209517048
2721897744
209557097
2283086831
1674731848
1359107600
2217417906
2904517358
529966968
1359731494
1678447064
2048016843
2212365837
3110079192
57254063
3110339156
530385187
3886544275
530218801
1678664342
2211614169
1377005946
1376823712
2439599418
3111029840
2801315169
3050421349
2397731567
1678647849
2211530975
3110800066
2994236526
2813061280
4131106935
2784714991
2212024696
3332894737
3110156914
2414546086
3722949580
2414129319
3722531473
157514086
2994566842
2212005536
3723195143
3990536628
3990303819
3723487914
1016088030
3110811852
157609198
3110348182
2683181718
3111002896
2219728727
1758240350
671407680
1272358010
2212396512
2211655464
3821650800
3754608810
861510173
1757701537
949015602
937941547
861525537
861147765
605636399
2124702402
3764402447
2070314073
2722316234
949563942
2539537511
2481852617
2764192227
464839099
791395234
896272741
949492455
2538986302
3160690903
694002076
693950096
791383353
569809227
949527405
570109729
2702361163
2702929399
790808149
791201913
790873858
3161244937
3160925589
1425906522
896068380
1425201302
2702571770
107044990
895627391
1425739928
949711855
791279652
3160416397
949364233
791048353
895599892
1425082731
896458369
896155533
633177644
2865177005
1487809853
632470072
1611554862
896286446
2083963313
2379990389
1611388240
896215223
2084160734
632655294
895563445
2084024378
2390447398
1610737619
632532199
550923714
3252962969
551184084
2252520401
2016204310
3253542233
4023557767
2979321714
3253063518
2016045026
2253175778
3328654074
281812321
281256511
1229896634
1229574556
632468886
3565381504
160236084
4023962679
282046254
3270958600
1229372682
2223530102
4023453569
2222981559
633313269
1190367955
160075321
3271311834
1190207616
2649507607
159450655
1190725803
912570037
3851677639
2223273595
2223253535
28537718
3701521621
1067072749
160414855
4235253250
2829961913
1899206609
2829347465
2671719355
2829358040
2671530336
1299461694
3298172179
2829291384
2596518436
1548510750
160151149
536849309
379625951
1547968050
1762690203
3475191824
321235138
380298547
2639545913
535983003
380382237
4239903249
1547814391
4239618803
2851780430
4239782146
1548735050
1548407190
1547904450
1287770472
1519591547
1548301195
170766536
3033603810
2690276587
3584441146
1548156272
3584543348
2690457212
1360642172
1519498967
292490246
1519513290
1153552288
1548597292
969623691
2689687679
97190230
96946946
1614498383
96721298
1153550215
1613758862
1520218429
24522644
1519745473
3742209386
2147200738
2728031237
3741355065
1808963397
2087174281
2147075856
1257994625
1258112759
2727521355
490280351
4248577381
3741466601
490259984
97206207
2727654857
3167117034
96548252
3741374293
2003761206
97152763
97063212
2727465324
4248519566
2439429996
2439234420
1631027028
3741864269
2003634716
1630866704
1630884040
2395980571
2003610488
1484904627
2731621358
1484925625
1561779575
1485614886
3100561583
2395840401
3900479363
2091514713
421594705
1562097097
3099811340
1630849262
3368950813
1561743265
23083851
3767396280
3620566138
3766527082
289537654
1178910709
3129347341
3129903783
1179064225
1631484969
290278151
1897917225
1425214971
1267599391
1680787204
1435809489
1436293522
1425213450
3175273141
2955856646
2954932716
1267144060
332781247
3939238132
1425890996
1436290727
2955622794
492164478
4188136419
3939157479
1267122959
1267608960
3939456678
3939099374
968995692
3434465513
3091392034
3091284407
2409516890
969588402
3091569364
969586583
3170103058
3939274853
2078654917
2994703696
3939313044
2409066814
1611635247
1610967274
2409176416
4165935155
2994029803
1431488693
1610877117
4165521236
2986706475
4165207369
3387418992
3170527355
2993828945
3645815095
2596088186
1865031570
3170788348
2994656860
3645845593
2550449468
1432230847
1732077471
2550999611
2926088824
1864694852
63805382
1637135299
2550620684
2550142575
2696070780
63649915
3218575334
2502979011
3218138342
2083213455
63066121
2082725672
914817958
914977552
2696905720
1801422949
975966120
952573519
915296644
2475442002
1801042298
2679600488
3161412408
2116996012
3218874269
2886687606
2119329686
3729452604
2679741179
2212264003
2120164795
4180406350
2211560077
2211899102
1164137898
2885991001
3729519856
4138676994
3218750087
330003877
1831265324
2119724316
3729208958
3890089578
4034514448
2119341705
329562327
3263235026
2120030540
1831540555
4034786212
3218430104
2097961262
2093053494
3219089634
3218966815
4094754095
1831827972
4034147467
3264050771
3682912676
1951850511
3053761045
2976471058
4033977924
1805882462
3683027108
2976352922
1805666711
3054343648
3053683034
1951471360
2976704160
3101850131
3102713091
275530810
1456204012
1952130524
1455799136
274884371
2826926693
59713094
1952213634
275291129
2826313635
1952379694
59640270
1951544881
1952421569
58883012
1623282821
1456199097
3729280621
1438339020
1437606916
1507020427
4209859775
1623502620
1172471413
4145143680
4209356403
3729472421
1116350300
3729237946
4210001201
1952073760
3729362343
4209938986
2244048114
3706072057
644194467
643884117
3705955245
713977343
57101836
4146004912
2654587520
1974956279
644240550
1951834907
1975388658
1198062865
1951505758
2654384439
1952032224
4145644737
133064424
644127792
133056771
132267003
132549676
1952080627
1689261522
3985794337
644667074
132721320
2930923291
171751403
1689731924
643996858
132399745
3985669275
1690059222
1689505759
2783460996
3333403090
2783076651
3387791667
1690064782
3986388051
622176360
1433015765
2783271712
1519520541
3074198243
3387483311
1520022900
2096789826
1432664258
3882878530
1432467221
3073837613
2096692900
2096120513
1736352946
3332487923
3528112972
1098322339
3387773242
2096894986
1272387969
1098191261
1272575998
1102801661
2096927185
1098373561
1327290269
1098269957
2096836811
1433382847
1326930907
4145206087
2096470744
1433294225
1823578564
3527896396
3253861499
3254274027
3387688680
3254675724
460985121
2099219886
1036027687
1036541235
2714453902
2304796417
1036127720
1851083310
4225622676
2140118368
3521925577
3001962782
3140259070
2085399336
2084897956
2098397705
2098589934
3496865821
3487054263
3139624568
4043286892
1667945282
3139872804
4225585340
4225167379
4225193110
2175044705
4225117795
3139438791
3069227485
3069888291
3069880921
3069272283
2175756191
4024479864
779385911
2635580480
1486175390
3139589729
2635608308
3069398622
1725205831
4024486351
4025400541
3139519850
2559616278
1725062478
3069886213
203138682
3432514693
106233191
2522176647
2522228286
4025362799
3446246408
3446584896
3560684617
1091106523
4024721395
3446516941
106551524
4024771257
3432352020
3140473386
3432759098
2791697359
105935908
106743109
3446262939
4024480632
3139600874
3432851587
106631265
1554811475
935022910
1018674331
3446444602
1544463308
1649903891
1554873460
1056447619
674333457
1543861479
674288264
1056072045
3139487189
3140418667
1018893336
2539182712
3049779626
2163349915
3703686100
1543639312
1409170646
3905058554
3704196631
3622630955
3704356541
533482024
3086953083
1231541611
2497406916
3086821034
2497247761
532799767
2535662714
3481201070
