32 16777216 4194304 4096
553282687
553282750
553283401
553282593
1789562206
1789562710
1789562762
2870900551
1520870519
1520871258
1895892351
1520870692
1794970144
3038722319
3230109001
2870900088
553283220
2821999844
377573702
2259160358
3038722846
1789562863
4201151487
1794970439
3038722574
3849941221
1895891996
2259160599
1578134540
4201150910
1794969840
2698432738
2259161059
4076256093
929783449
3038722478
1605908876
1497764482
1578134545
1520870988
4076255752
4076255677
3674362517
4201151387
1497764218
1453601154
1707426328
1453601528
4129432940
3982595514
1181346525
4129432585
1446574651
3260325897
3332061703
3674362191
1453600880
4146217689
3038722278
180930345
1181346188
2259160344
1605909235
3745200283
1453601488
180929962
3982595268
3253621543
3708905480
458187996
639402986
1145802501
634955880
2304540595
2304540235
4066797717
4201150873
775471078
3745201093
3589204067
3982595114
1659985507
3734498635
2698433165
1659985596
4129432927
1659985593
3078527554
2490236459
3253621509
3078527419
1794970132
1497764404
1605909084
1141182217
2870900657
3230109007
1141181484
3900889650
1270294522
3708905646
2304540273
3944273710
2713872718
3674362833
3500812643
3734499149
553283218
1794970219
1578135372
4292553209
1446574677
3260326843
24248523
3849941735
3734498687
2566838735
3038723009
1794970320
793246458
1141181641
2821999748
3255614788
2304539909
3038722507
3736701579
3674362562
149989927
3618046619
1835139771
3997026706
2304540492
3311441169
3038722285
3093572461
4201150990
3253621309
820144014
2230859578
4129433278
862691174
3196976068
3230108766
3589204594
3850956396
3957058073
855554827
3579133803
2049744666
4292552909
4201457763
3734498475
180930285
1835139251
440533888
3213197096
3438881471
535256499
3084517485
3196975894
2333770981
440533229
2922774053
2839143936
447415515
3700387188
254271621
1789562743
3674362360
2566838941
3467465473
4066797791
1659985546
3732324361
1446575008
4201458080
3579132998
2055863704
180929968
2231530552
1789562349
849739223
3708905761
3640049355
3384269804
1639411263
2847204217
3196976126
2785673823
3849941122
775470840
687732187
654578974
3084553303
2393092010
535256785
2625915942
3313645580
884379970
334126378
138831320
3982596059
855554972
927346334
2821999618
423888174
3732325307
1721805915
3708906118
3213196701
1436959928
4146217705
216650494
3732324937
3513417198
3126021059
4292553692
1789561914
377573932
2075728974
3397778359
2333770859
2272662252
1721806317
2495849661
1895892013
4171980632
932927403
4220022555
3213196430
2922774226
1387024836
2511714336
2332296655
1141181871
497726859
2650210591
2289653019
654579404
3533347106
3230109243
3745200881
929783766
2055864260
3662114857
2926523346
1659985145
1729048484
4211327113
1578134683
1605908718
3196975622
2947949248
4220021794
3038722800
3736700968
146615116
149989572
4171980334
3933029956
790468943
3786058423
2261322067
849739467
1694926371
2789618915
3728310303
1684697640
3001249361
3849941094
3118148651
1445870471
3467465228
2012045073
3728311076
98432077
553283246
2231531502
3038722052
1605909462
3213197153
2870899839
1794970567
3589204275
1482531854
3956582735
4238117510
3513416876
3924027823
1946630116
98432239
3425915733
4146217770
1556500851
2231531045
3957058351
1556501049
2402603623
651110429
1203885967
4238117515
3636881531
820143792
3196975438
1453601065
2750183187
3038722713
3533347027
1729048196
3425915485
2205244737
3375025516
3015727124
162150264
3533346855
3438881518
1445870525
639402590
1632506382
1420726539
1198189771
2926572168
210193649
3119208395
2785673638
4108206145
848191147
801477398
98432283
4066553490
3389455887
3119208255
4211327599
3956582722
3400984514
334126276
3734498712
4171980559
2969073882
357345449
1436960133
4171980201
2970612920
3346045133
2697208067
2304540088
3347614680
2651408396
3109986563
3786058106
3997026807
3109986344
2970612865
3944273494
1176719052
286252266
2839144197
2333771177
3346045380
2431389460
150382116
2277456722
1288089194
1606174894
2304539845
955433249
348453900
2495849924
2229531203
980716320
553283458
1422058609
3118149056
294551698
2969073781
1447151370
3451013182
837285789
1893494436
4108206982
3957058385
180929751
2926571854
1895892366
837285088
3956583179
359678462
2205244553
4004825423
884380074
1308734072
334126607
2566839194
2267045179
1611860438
1447150818
2511714966
2546815359
3501612594
254271920
3623384926
3734499247
1655011280
270549877
736973808
2907483220
787292589
3924028222
1946629334
1939464152
294551609
2122678114
286252109
3347613721
16738656
651459688
2511714989
2121307351
2847204245
96464682
1461835401
59315685
2907483927
438581698
2926571931
3400984145
3311441245
3166657033
2121307453
2789619070
3253621723
3001248821
271757246
2458060056
553283348
2289652881
357346028
801476960
894569415
98432479
3788444844
1340122787
994573936
3837236139
2431388741
3618046171
3166657471
2458059947
886184477
2651408773
3779385621
3834793584
1655010832
1482532482
2289653555
683197627
683197633
149989851
92375857
736973782
928489595
149989736
1697163649
1453601424
16738432
1308733663
3662115159
1957128876
1905585225
3156732223
553283430
4211327499
516002901
994573773
881566785
3414151009
3845172552
180929710
1994510533
658910840
2440115080
2332296869
202131865
2490236670
2289652901
3662324992
4201458274
1657234817
2750183119
1992482469
3255614893
586717484
955545619
2458060059
1616988784
2205245045
1232462135
1462135336
3933030387
2907449864
286252582
92375651
438581803
1004180627
3197479922
2230859701
3540586898
2673484140
2873782416
2495849546
991991949
3786148447
3017406286
4146217764
1090213931
2926522921
3425915507
14964460
3387758744
741807179
849738998
1151595362
377574250
1972484190
976439215
497726651
801477464
407992932
1854415837
3397778115
881566837
3428356084
2579323667
3093571669
1422059026
348454538
357345897
3126020769
1895892975
3850956081
2055864166
1672960681
2651122696
1041600459
3849941921
4029478993
2870899772
1789562775
3636882051
1564586151
2496544426
2128819481
981186577
3363152199
2926522502
3714360436
1957128775
3500812780
3439525551
216059599
1675242959
1793720735
2651123109
1203669419
4177803889
4066797984
3451013946
2675796191
254271671
1467969556
4221266261
2780988124
1497763911
1843881459
2391942795
658910251
2248408489
1383155246
1905586050
423379345
1843881810
2317123671
4201458165
3230109262
737376334
3900889433
4177803592
3147016573
2440114644
1938563260
96464552
1467969931
2726404547
2328325741
2205245172
1499372455
2188190087
1639411589
3119207519
2822633269
423888589
3102025602
2490236345
1606175008
2122677946
388898268
671293571
2847203730
3384269568
3439525764
230159522
936005830
3084517982
922260646
4165121867
3768584736
2913444542
3779386198
69198663
2516093659
3102025578
1232461899
2244317535
683198402
3700387586
270549541
149990102
4276865975
3834793615
3734498842
2345189946
3109986844
4201457784
1447150899
616073758
825877415
1288089599
1476764850
675395121
1989765095
3980360186
4203541373
3997027299
705925887
133731652
1867486193
3631302819
4286872734
1461834986
1632334072
2948769538
458187779
3746619546
3732324891
3200538817
3978015206
3711283308
377573923
1423648707
3700387001
1288088986
1586641561
1605909233
597999968
922261314
16738379
4203934691
3078527614
616073513
2116307049
3114824456
1799554044
3533347374
3197479858
3223418921
1697163332
4201150935
3837235906
2494676210
960623669
2516093405
831363402
1445869764
1366722895
631293473
3001248849
1769207761
4126678852
1176348490
3513417710
216650051
1628072832
264592405
1684697140
3845172271
3533347458
600130321
3618046649
3913150175
3913150300
397383463
1342595816
3426669122
2205245039
3844858532
3711283329
2287204666
2416343792
3931966280
146614307
138831591
3662115702
1520871277
3253620902
3602146829
2907483289
1116634464
3118148894
2806877827
3397777742
3253620742
3810169564
2045455125
3795392265
287219163
1232462439
2673484251
1317239625
516003535
1181345811
2913444195
2577995393
2282690248
3059560455
3149119816
3933029761
3213196836
641249712
1793721190
2272662420
3114824373
1707426008
3786148404
4129432823
4029479882
4288082563
900045031
3786058291
46310385
2261321927
3124436353
4238117271
3624626945
2601150080
4203934707
1657234558
696055464
2387140865
3998832752
3253621195
1893494252
2166805141
1338267491
303939553
4241142051
2893568612
3414150720
440268289
402016813
1793720911
4283374173
631293728
2295273885
3347614588
4066797890
3500812750
813899969
3129979095
1453601491
2177227264
3015727180
1028323334
442958289
2213761361
4096734656
4150096698
1366952946
3748293239
1994510952
1366722758
3816730221
2969077254
4129613513
497726578
1686738997
286252533
2151617078
4129613009
1957129128
1436959953
3616697747
3300946204
334126475
1564337136
2934888010
1461835261
884380051
3118149517
1968820226
4021901939
3084517389
2270141856
268519574
71396764
1383155147
4203933755
857385576
1586641079
955433593
2541810539
3810169538
3332491533
1037945078
1794970142
1684697847
3933030311
248884621
4021902042
3433082049
2055863549
2289652988
658911009
3346531208
3745200767
651460216
46309955
1729047637
1861207998
307261935
1368352149
3467465315
3939929586
1517525063
2385945765
790468876
318137935
114338990
4153243901
3900596111
3461302259
395883629
1738742004
2926571581
125492745
2332297137
1125965996
2793797246
2626917068
2121307915
2625916125
3716943126
3957058398
1232462676
3219795729
4165121062
3623384182
4171980521
3786058041
2366925181
516002920
58188491
162351224
3001249166
2591122777
616073236
441324420
886184151
2566838413
4276865259
1867485378
3389456265
216650100
1453601454
1447150840
2516093534
1204560166
2177227160
3636881719
2697208396
2033681544
3332491626
3188849315
3346544040
3126020761
2107206524
2259751924
436912031
2058875620
2907449408
3116300281
348454041
1854414871
3716943041
436865333
4129613804
2767759834
318137651
1122063238
3901278569
2257706591
175898357
2333770770
2468589250
107695265
556497138
1583079765
2591122695
2494676204
2893568155
1125966382
2948769729
3156732500
1141182200
1282473156
4097336028
3569173263
1632506039
1342595186
3503769717
407992334
2780987712
458188351
3503769800
2332296841
629209053
4029479129
1595080252
3533347737
3810055839
162351106
3595646861
1957129119
644618496
1798092991
2328325249
3238359940
3425915626
2789619374
2890625744
4034224584
3147016842
3786147968
2127289174
1578135371
59316185
1182617254
2049242955
2049242881
1342595728
871259578
3426669278
1793720672
1201031052
287219655
1539266045
1038695864
837285315
1505628030
2230859089
2537014299
4201150596
381158963
1182617181
4049686576
2490319143
1556500634
651460233
950182217
899436591
3223419040
2192181754
2287205325
96464618
2650211273
2387140940
2186408574
274650630
4066553187
886184029
3735247344
780765771
519236320
2470177688
3231746342
1189444483
3409086074
3149119548
4256803375
69197929
2054135196
