32 33554432 4194304 131072
859468062
3039476309
3039476291
859468061
859468059
2455871736
2351498816
859468055
859468056
1208315007
1208315002
1208314993
107635940
3039476291
2351498818
3039476313
2455871735
719455390
107635948
859468035
1208314992
107635955
2351498833
107635967
719455390
719455365
2144616403
3144720179
4273786988
1835874177
2929894185
2351498846
3934842879
1486752909
3144720163
719455361
107635938
2986646162
3314804922
1835874193
4055458426
483000581
2108149015
2929894180
3934842858
3934842878
1501032292
86520447
2144616396
1501032306
1544034472
2455871727
1501032308
107635936
2155751035
3453594806
1208314976
2615827509
4055458406
2626693075
2929894186
683939553
2756354533
253437012
1501032316
2756354533
872251698
1620731855
3453594787
2986646164
3314804909
1486752921
2455871737
3453594810
2518818662
1152165005
2756354538
711769723
2248101169
2351498841
4283453205
4283453208
2518818674
3120344791
1501032302
3565572752
2518818677
1673502115
859468062
2540964723
1640223748
483000582
3144720168
1620731850
2455871736
3314804922
1180126970
2248101179
3828474641
711769722
1544034481
2984271043
1185086058
2615827494
2548129730
4163100282
2756354546
2830025113
3828474626
1208314998
2248101159
3605861981
1904620254
2701606115
3318899915
1579922085
2017854001
912906748
1544034472
3039476301
253437011
135255420
1949391946
2351498821
1212463714
4055458430
2351498819
3531970627
1835874197
2929894200
2984271070
1486752914
2379636648
2701606130
669458676
4136251071
107635954
3565572753
1208314984
68633389
2615827511
1188586730
2174663827
3453594798
4146597134
1640223753
3039476300
2351498842
3144720169
1993333423
1212463732
2830025096
1676494859
2502414718
3796534100
4163100281
3042140338
3485404296
669458662
1090617966
2455871716
1037818992
204205994
3429420889
1299460894
1930412106
1409455683
3828474633
669458677
1189185533
894831834
2830025094
3736071867
3620855241
3501440683
86520421
2662046220
3620855235
1889680413
483000582
1195598619
2768963789
2626693083
3233895279
483000599
2851456963
1640223756
107635940
3605861972
1896105499
1409972976
1676494853
2756354549
3796534096
3565572767
2986646168
535967358
4163100275
719455376
3314804909
3485404292
2379636662
669458687
283534507
1152165014
2929894202
2017854008
3443384777
3401501360
1782034361
4243725826
2126059564
3250198068
1544034479
3565572763
4230903318
3078086808
767544333
2984271047
1180126970
2929894186
3318899925
2221558101
2634705730
1756843898
4243725853
3485404299
1676494874
438418789
1909844581
1409972961
979747246
2174663818
3987885912
781472421
1723529840
4146597120
4001270286
1037818998
4207326162
2989054469
1544034465
283534518
3266499773
4146597140
3039476317
2626693078
2768963781
260472410
2324750993
3590016280
1152165004
2989054469
4158749343
2629741923
2412556179
594165515
2960951556
1501032308
630199192
3429420875
2194718499
2768963786
776490522
1756843881
3590016266
1180126963
1090617980
2351498832
1723529840
2351582337
1782034367
2260665959
3318899914
3934842854
2126059564
1806915513
3796534092
2194718507
3384713044
1616855859
2248101163
3384713028
1396557015
3531970644
3734748161
2361481307
4157038266
426743828
375934086
27045963
483000586
3041364577
3987885917
3767237614
3684988826
965519777
1521369732
1409972984
885791282
2929894183
450256227
1538924639
4156497972
3041364588
3905212007
2535104954
8913093
1260492879
3255417491
630199182
2618371908
260472405
1531967675
1930412108
3987885893
2984271049
107635953
1640223767
4224894060
711769724
3767237612
3384713036
2412556162
3051740566
1501032296
1579922101
1723529825
1905556614
4283453202
1756843894
1676494858
3384713033
1531967658
70200707
464416828
768156522
87354407
1640223772
2634705737
3734748169
1908201841
2260665954
3385720365
2701606136
2593131433
3783996559
2518818684
1930412107
3644142961
3255417495
792848068
781472422
1253325705
2700593401
676179374
922215144
3870663925
3390555409
2361481280
375934084
1256155877
738530474
1588900777
3824725696
4246559807
180439934
3078086805
885791271
2159623350
1779939693
2165366288
3408727528
4156497976
3531970649
375934080
3225184491
2237374558
3478513597
296942837
3478513595
1144506654
2588492142
922215142
885791287
1299460895
781472435
2946711186
3939461485
3891695087
2379636660
3059955365
2756354547
1418579862
1676494874
1999543511
872251702
2929894201
2060877904
2237374547
1676494866
2132208017
27045972
2588492149
2060877919
3946574495
2250045330
3422079534
2165366280
204206001
2898832895
4273787001
1756843873
67325776
3441545991
3059955375
824120192
1385496861
3311104794
1090617980
2729194001
1188586749
4284514877
894920521
3128690251
67325760
2108149007
2269418349
2165366290
872251682
1837419324
2850872535
806801919
1299460881
2801257544
2361481305
3311104783
3318899921
4001270294
822863518
260472405
2194718521
3225184491
2385518135
912906726
2108149023
3051740557
3692887501
450256225
2132208015
574290314
1609178907
2610699187
562579695
1890407394
2959201240
3478513595
3946574489
1140216715
1140216728
2324750990
3061255878
4246559800
1185086052
1273427173
3824725705
287048604
3134144506
4248117270
1409972966
3134144492
483000596
229491228
59682089
438418798
958944002
364956282
3593429808
296942824
183934919
2673760863
1521369759
2593131434
3531970649
426743820
3385720361
1640223764
2248141926
3429420879
2701606124
3488056197
1908201852
1889680390
3684988806
1037818986
2583246857
1806915519
3987885911
3420446444
1815595412
87354407
3429420873
3681052057
3161884002
1203664969
806801894
2416631632
1998018167
3727498578
2022845188
4248117279
2615827505
3521819807
2189431122
2022845191
2986646172
1837419306
1806915506
1273427186
2872636941
2850872533
3605861981
1253325725
1473918425
2451856983
1889680402
2864356230
535967343
260472395
1140216722
464416820
3565572754
3318899914
1904620231
474278942
792848093
1676494853
2460436954
2075716993
3767237605
822863518
683939565
59682092
2126059561
3390555416
2627420053
795136093
474278934
3371346658
2693263380
3727498583
12997130
1909844595
2416631624
3443384786
3184292511
2948243314
27045965
996753895
3027090154
3531970642
4291412993
2652082535
3389355469
8913088
2464680820
2488039808
3039476293
3027090172
965519804
3064857995
2379636644
1835874180
1890407407
3888473662
483000605
2701606138
3488056203
3442801300
1208314990
483380540
2850872541
3500820770
1501032305
4189853115
1277410689
2959201228
1508923678
3756865766
2167401125
260472389
1501032297
2111458939
2566194885
2132208003
1905556614
2451856983
3324320006
1810378445
2379636656
1854769458
2260665958
591899084
3780220011
1119524496
2948243312
1673502138
2173415202
3278070105
3410513120
1195598611
2167401129
4069696677
2734017732
2984271070
183934943
4163100264
825402567
533816825
894831822
2438201836
1490486568
483000582
1815595393
4248117249
2132208028
864175767
1810378455
2593131431
3702693514
2432483947
4123571210
4157038268
3233895289
1203664965
1993333423
2451856963
2719661804
3371346665
2412556183
4094090262
3301959017
309124223
1188586739
626751144
2262369123
916902007
484350258
107635967
3266499749
3925462606
1723529845
3933892671
562579682
3442801285
2691024858
1908201841
3485404296
1478749967
2756354528
535967352
4032135836
2859461656
2699752151
3727498577
2083248885
2615827518
781472431
3780220022
1484010772
296942832
2085753821
2203247898
3782736504
265732984
2379636644
2662046231
2765323874
4156497965
594165526
4032135831
1616855855
4270580951
1409972964
574290327
3225184501
2986594994
2626693069
1256155897
2756354533
426743824
845765741
859468051
2830025108
2668425146
55245521
3521819806
3872290564
1923173774
2861828981
3420446435
2428028469
3933892671
2966235900
3565572755
1904620224
3788030311
1908201854
1640223750
3601285073
4214393277
1827327158
574290307
4157038250
462147277
1842022436
3939461500
4012204567
1119524489
4156497961
2275163764
3305614892
3808071993
2224211610
1927098286
12997128
4291413013
3692660066
3266499764
1478749968
2308859121
2929894197
3284824901
2289852441
3232584766
2126059570
4069696680
1788515509
204206014
473255884
2489471129
3039476314
3128690244
2589092654
389305195
3064857999
3225822814
3078086808
776490514
2693263362
3939461473
2798612938
1273393139
347773093
462147277
2948243318
562579709
3311104789
1949235946
4158749317
828035776
3408727531
1998097162
2379636645
1119031584
1385496862
2216772410
3079554153
2925509044
253437013
2914220971
1673502135
2410482665
1209502349
2111458928
3756865760
170026483
3144720189
1054069874
1949391965
3233895279
2644901478
1588900798
1174532060
3158471020
1756843901
3061255896
3029234450
1999543497
3500820768
3736071869
158669818
87354427
1806915518
1921251664
394826123
23573034
2768963786
4190059762
69381320
2060877889
3429420891
1949391962
1144506638
2668425120
2367010010
4189853108
2416631628
55245505
2928150388
3649397599
3073599766
3118452436
1890407409
1779939711
955278706
4147955344
3976740341
1486752920
2250045316
2361481311
3390555415
3250198058
4232590259
4207326152
2047102388
2460436957
86520435
257443579
3870663921
1024350527
3284824909
3038839884
2791648552
337330639
2111458933
3870663926
1756843892
930392107
2385518130
3385720363
2464680816
70200712
354184654
1837419305
1794269033
2898832888
3911945729
2433911300
3808071982
3872290588
107635958
872251681
3767237603
2309442623
4129396797
3725657820
1414680519
3568688025
3114288718
3184825966
433480878
2610699190
3128690271
1490486574
1637955957
3725657814
544972450
3087922899
1806915498
4055458424
2520601984
3029234459
3384713034
2026362628
1998018171
369567206
3222738905
2433911312
3611651813
2957063250
2589092651
1706851605
2548129752
1231017232
947864345
3158471027
2801257536
1998097171
68633401
776490505
2144616389
1385496841
2075717020
1854858002
2386451597
47378731
2319908021
47378740
3930274600
1998633469
3568688003
2566194908
3944450348
1751030707
3058737214
1727837738
3824725725
996753901
4160777586
2861828968
2203247877
2451856964
955278693
1782034364
3538442520
2948243308
170026476
1391132975
844843773
1501032308
574290309
3328574885
3255417487
1661469322
2757407104
1676494855
1434547103
1941307311
591899077
3316825798
445062041
2756354537
3221889697
339557227
1770234701
3746710018
1254665089
3683941905
3428688427
902417156
900392071
4290406136
4190059765
2634705744
1403959189
433480875
2069283670
1727837737
1724547210
216787229
206444634
2520602015
4032135821
3311104777
3725657811
2432807354
1148226924
2867675076
1174532036
2757407119
1247235162
1909844582
351116885
1420838453
364956271
3756865781
18941369
2136919013
1984406353
2024943673
2024943654
2960951554
887886232
2195587149
415926430
3506508595
3853738638
1212463720
1949391953
2361016487
2463975055
818448279
1779939709
3302926291
389305196
3870663908
3521819790
3718398664
1631992358
1418579863
296942819
3666106871
183934935
855511837
70200733
2757407126
1826674491
900392079
3161203913
