64 268435456 4096 4
13895357165497038488
5237888584841918808
13895357165497038555
15682501557840893411
6860429345703225412
5237888584841919443
3130131882669791619
13895357165497038723
15682501557840893713
13895357165497038725
6860429345703225881
15682501557840893497
2661215824785388723
3281723402390469326
15682501557840893084
4476321694775695311
14737636450808054679
3103683557724138983
12730571284496285656
13550440033181294053
5237888584841918809
13895357165497038085
3997526542572956347
5237888584841918849
14737636450808053814
1891676626931815178
16403306673191010311
15682501557840893532
4476321694775694871
16358411333322621476
13550440033181293609
15708554090938334629
3281723402390468661
3130131882669791840
389386537505697898
3281723402390469549
3826649437749146957
389386537505698443
9839865564870239109
3281723402390469520
10165308217334342748
13895357165497037956
1985335129861826054
14540612003935817683
12257582424001293656
12900768959499113167
9839865564870238724
4476321694775695057
5237888584841919122
2720959742963969845
3826649437749146637
3826649437749147410
16403306673191011076
10485807113975684992
581473632165645888
1652566779337903716
2606895751077633228
5408693013359828756
5237888584841919288
14619621963145010576
9382557261025670809
8232266916636295226
13022724650432501198
2606895751077633112
4476321694775694337
12900768959499113063
8232266916636295299
14540612003935817162
4868644809614507351
5237888584841918801
16148426739182716505
6418287570088198786
7769174065256290295
3130131882669791828
14540612003935817400
8883905947789370066
4330522702688485444
1652566779337903614
17053756029325952371
15820984208205588316
581473632165645449
5408693013359828256
133028989787625799
7769174065256290121
17083736734066844402
13995844143574478690
4128606437357974605
13868672760055888299
13022724650432500801
3826649437749147511
2606895751077633071
4766009955742718662
14619621963145010529
15708554090938334488
9907609792403742434
17053756029325952904
8495868071640630612
8764184577786893145
4330522702688485859
10145899975314700898
16621795786857731633
9994861784400661615
1386724975688205576
4128606437357975541
10411328287967808032
302359478323008452
13550440033181293936
12094200171296837327
12749542822644670551
12900768959499113290
17053756029325952930
2838281763215833819
3281723402390469096
7769174065256289561
3281723402390469063
2720959742963969761
4766009955742718442
4330522702688486112
8883905947789370121
3826649437749146853
16151023232739462510
995581561300164944
4330522702688485529
8232266916636296083
15610423211684616487
17436661998620215180
7497636000982807696
2943675230075615669
1985335129861826299
427749913481634991
10365720406433042220
14447470812116917847
16621795786857731257
2366738124580698890
2545920729048474639
10411328287967807567
14619621963145010342
18519220732767210
14542127595293252190
12509240150482298871
7623472453289638137
16665556251127540551
9046531484455600325
13622853202657245246
11488319344544968037
1979603043256138081
10703256158192738425
13995585044534361379
10411328287967807890
427749913481634962
16479445065763691224
13022724650432500913
6418287570088198167
2606895751077633390
16403306673191010598
14504216345104643100
9994861784400661862
10485807113975684517
12257582424001294218
995581561300165066
8232266916636295304
7122687331520059633
10224279134068843430
16621795786857731516
5474034131461664377
5237888584841918536
2545920729048475463
3281723402390468762
12654777403610136347
14386233631684183272
10365720406433042091
8232266916636295626
9654124096664980330
14575412739459810885
12666030109010817154
12257582424001293950
16665556251127539952
588423166828923472
10808370354300960020
5922092588475158497
14504216345104644017
5518774029435465843
9839865564870238294
133028989787626392
490277307434394292
2661215824785389513
6889725272830210084
2545920729048475564
4476321694775694838
995581561300165620
17659407808318632890
12900768959499112549
2754836387027455596
2353288906089962803
522107156080688631
10485807113975685070
2838281763215833404
17891398447021000767
1264990185474501174
6418287570088198337
9291803770889658835
17142914929673810615
7271506400064188726
10365720406433042342
581473632165646031
490277307434394432
13622853202657245962
881396532801978368
11490091595374183115
14261534495036846959
16403306673191010937
7679743484586138795
5428377536479054361
13995844143574477899
7271506400064189177
1891676626931814442
5000847346368816872
4766009955742718816
9291803770889659287
14386233631684183646
14540612003935817523
5063169917463880790
8883905947789369728
2353288906089963452
18519220732766834
2353288906089962695
12749542822644670887
10365720406433042328
5428377536479054011
5000847346368816466
3148921574969822047
9337307274253163117
14386233631684183876
9994861784400661653
3910611873631729889
2838281763215833217
4330522702688485676
6400438254630383037
14575412739459810322
5237888584841918797
1652566779337903879
5668649561953663767
5381038452568151587
5022114980100409814
11950706833944522655
9505223795492200137
7623472453289637943
13775995517157850489
2333628791711168747
2754836387027455791
12925631938062076075
9308020269981993060
389386537505698739
522107156080688806
5408693013359828905
15806002681923772945
9907609792403742620
1532833761516906669
9907609792403742419
522107156080688949
3826649437749147356
4110970482522610190
13775995517157850610
2606895751077633176
10152972151181891778
2979038280402759845
12707325611636816301
11490091595374182621
10735256668658255199
16665556251127539881
16060550177181393287
17083736734066843814
8232266916636295337
8883905947789370331
2720959742963969422
820668787917121328
10698735706622273933
12094200171296837005
5487987208215409445
10165308217334343513
13550440033181293782
8495868071640630681
8764184577786893267
16970421826474066529
11490091595374183283
9994861784400661650
12215568251973628955
8764184577786893091
2838281763215833418
12730571284496284734
9834979454212757868
929431505429728562
16151023232739462250
5518774029435466481
6019160881647212028
10735256668658254856
8327411495663850193
17199669515703828491
16970421826474065974
16029913603217440280
3910611873631730473
4766009955742718450
8582178792597777836
2458251141943996429
8404313882581722393
16621795786857731165
16175821401079498555
17199669515703828931
1264990185474501458
14322174840021945903
13775995517157851092
999730496961535544
812953716125490115
12906921346208343580
1589418621220532460
9382557261025670185
10759417381678636010
2458251141943996445
5487987208215408880
15127920034914480297
16036504066888057044
10808370354300960048
2979038280402760201
10808370354300960735
13582679488176201018
13924489377209623004
3784065543267979158
9308020269981993877
12115324385646795059
8135445383641065967
7666048883660205725
400791918167322838
3904806422888073443
999730496961535457
16403306673191011189
400791918167323246
3393909774052121150
4766009955742718709
1979603043256138319
18305043208619218765
2838281763215833394
8582178792597778233
9852164929284155764
9654716234111501297
16863870776775458433
9098570431587541158
7260274446094837119
2458251141943996701
9501095119360587635
346567698787643178
13755516169580906078
10224279134068843005
16358411333322621847
12094200171296836823
12257582424001294126
1617363520558423716
4766009955742718482
346567698787642516
13340167465300923773
4684776225947811129
2545920729048475421
9907609792403741766
400791918167323434
1652566779337904062
4868644809614507435
4016636286377101769
11346459394322153495
8788777291007934008
5428377536479054135
10411328287967807605
1617363520558424059
2606895751077633727
9882872332953124455
3535091947470920915
15511390251417973870
11903419321789335861
3826649437749147362
6019160881647212379
4110970482522610406
7260274446094836919
10150997080430534750
12654777403610135598
15127920034914480482
16479445065763690662
12581246684528285248
12187846500614187759
2978164048165585715
13868672760055888602
14222726032964186490
11950706833944522195
3324785577681219709
5063169917463880748
6398165585981822230
11947504046742628059
9654124096664980117
4648670260316282695
6345002501409322282
982310185629432494
9127581767638608864
2279371301817205540
13911483534547864884
15478124185612280931
9422137749793631314
9907609792403741968
9501095119360587081
14447730359077719779
18124096233442971651
15478124185612281127
5483051716453925698
7430409141600488463
3857368688106777117
13755516169580906487
2772269052569068009
2606895751077633327
14222726032964187025
13582679488176201312
17667205365978645158
1652566779337903349
656689904204796649
10205821600216489638
14386233631684183451
12703390285000607418
2935709453590432153
2106262032990251897
13622853202657245224
3702143309818504021
9732112809180884017
10224279134068842509
13175406721241393884
7637405684246879908
7260274446094837541
16923815841438139232
7679743484586139260
1437861257847740973
2613847341367252464
1985335129861826164
14995586188064037613
16492819468155863090
2978164048165585171
15477871114960759147
9291803770889658868
13755516169580906415
17053756029325952479
12654777403610135949
5384339770894845256
9308020269981993077
13775995517157850562
1985335129861826030
16403306673191010480
3122250637760791602
11771221043556052449
8232266916636295951
2545920729048474863
14447470812116917841
468319182283677895
8135445383641066128
2340414324784532013
14737636450808054091
6019160881647212420
5474034131461664339
400791918167323266
12187846500614188016
15511390251417974277
17659407808318632673
16595202155246291503
12900768959499112665
129018725240906183
2966498762897022082
999730496961535602
4684776225947811612
18305043208619218025
13094198480988022630
16060550177181393410
346567698787643046
6223212033483699415
10165308217334342897
14079668630039367346
18134496563096809595
13022724650432500998
13995844143574477830
344719563300965371
10409049691537204852
11234683434008630021
8602485300246494049
522107156080689095
16665556251127540007
9392439493811789131
10409049691537204795
8829540972916446871
8135445383641065507
7271506400064189392
15445326458645237101
14610284220086635058
5708038397476172778
8546625454946474773
15820984208205588195
1891676626931814840
9127581767638608010
2943675230075616084
5483051716453925258
5708038397476172174
9882872332953124272
788224937957205577
16587457416293769196
12703390285000607225
13763610122929565575
10703256158192738806
17861713947844820722
2978164048165585264
16665556251127540103
10152972151181892482
15436679956724384419
3719014174489920945
14447470812116918056
14999224393432095763
6860429345703226362
8366572230661116659
5022114980100409643
2907945584286810557
8923232082554648880
2966498762897022376
4476321694775694778
12906921346208343085
16449292532427742416
999730496961535204
5518774029435466095
1660321348703587317
17507668708170616511
2359397841600549029
9945078363015988688
9392439493811789623
468319182283678024
14079668630039367548
3148921574969821314
17955536513291214485
11761582704011488222
7497636000982808461
810703557240508272
812953716125489172
17250406075241113443
2310736576515550013
5126300772971015803
5922092588475157558
15120816217873102945
15695357597777740743
13868672760055888243
6718597737715621219
13634458478646545872
11488319344544968274
9845649255078641478
2978164048165584923
2333628791711169524
5412223809029864712
982310185629432230
982310185629432462
16430434403997298366
17142914929673810109
12426738244221961598
9128650869699974074
4016636286377101549
10150997080430535221
5483281209010623349
2029684972392057623
5697035127579190117
1386724975688206088
16148426739182716514
14261534495036847012
12408710697150206176
9994861784400661686
9501095119360587731
14308358011031743856
2754836387027455640
12757699885670222585
10824748997257434590
2720959742963970034
3281723402390469224
11502134005868593118
5518774029435466641
5474034131461663971
15338360601660326521
10224279134068842758
3122250637760791662
7271506400064189110
5384339770894845604
11141489834592605462
13775995517157850147
11761582704011487819
15708554090938334558
8404313882581722367
8055104976463987404
12476677663565919428
12900768959499113101
8923232082554649411
2340414324784531901
14447730359077719090
18223142987360089683
133028989787625915
7035887783828344439
311187107067261010
9046531484455600370
11940763509334031011
5487987208215408963
9845649255078641579
11399468489680674112
15992199303838221233
11291067411020387203
12244376342990040037
15992199303838220908
6400438254630383500
11149907264063979519
6832600459160250225
17659407808318632333
14235031291603390330
14447470812116917327
17507668708170616240
2969002616891025182
1589418621220533185
17926429000393957779
14995586188064037313
3910611873631730244
157529942244392953
12666030109010817114
18317875585146046975
12779665920110752481
8600242965878326731
12177169018100885248
2140697737821651947
11940763509334031038
9834979454212758282
14390949026146183175
12900768959499113063
16863870776775458434
4476321694775694467
5483051716453924955
16862526690116069104
281872733956327621
12439803907742234266
13621277735004357762
15610423211684616497
12245783089246420343
13811995414277253237
12581246684528285067
13022724650432501377
3431862795080197926
9291803770889659346
16358411333322621697
3281723402390469386
16492819468155863970
237691655081400386
17436661998620214775
15396535852068104192
8228306049063535757
7497636000982808313
6059627872930712509
17507668708170616125
1979603043256138060
2966498762897022932
7260274446094836925
13995585044534362030
18330012372693816844
5984331348550419496
2163382467408260194
17407112471205261074
3863953406596324530
4684776225947811373
9861801938918886915
15922227689675387082
10150997080430535058
11772690709321573597
11903419321789336125
9505223795492200231
1532833761516906507
3455200522000149208
18268636083369056523
9882872332953123859
9501095119360586876
11771221043556052310
240909193195809448
1277914968048181312
13634458478646545887
1532833761516907121
1432199343715823958
15792910186143683002
11490091595374183023
9501095119360587006
15942578715450594231
13911483534547864775
14216265594759252630
7035887783828344026
8055104976463987665
8141669379635433776
13622853202657245972
11559938851997797836
10224279134068843146
581473632165645853
16029913603217440016
7623472453289638670
18124096233442972120
13221570439991766173
8141669379635433711
3122250637760791827
3910611873631730592
9468339477985502601
15725757247445830120
6345002501409322976
15746013302398189774
11770321468403416656
2582875494603170062
15511390251417973852
16056266092953220407
4767143699274300085
15746013302398189721
9232615501160832354
10205821600216489211
7482108327622617093
13119745512339231504
13308262081996724718
2359397841600549224
6418287570088198559
3789313827656189308
1932466768346933266
1432199343715824374
1519826516711465653
15388892244178916886
16575312587397298586
6305402565427225576
12196459256445015529
5022114980100410365
8670748153462530245
13061903747148098086
9392439493811788934
9019339276157992576
9567734713503476807
1386724975688205321
281872733956328284
890067425108019638
10497203225705095106
4254732595805149330
3535091947470921111
16923815841438139381
4248288281592859983
13995844143574478272
12900768959499112618
9128650869699973670
16546236868368356988
3109392806986228415
4869206174739492527
7588897920013573911
17926429000393957665
311187107067261756
15942578715450593500
13063648841312212376
3623710687374179546
9392439493811789165
18268636083369056925
1932466768346933748
4389541596740777786
11771221043556052821
1652566779337903531
13456321532651111859
16358411333322621261
15478124185612281355
14447730359077719764
3919430499945034184
12115324385646795552
16587457416293768507
11368549601860552508
590793796737998008
14447730359077719060
6967589188966238936
6898728193598065221
3804756178417117783
695551341669422383
11579254792990141706
7271506400064188833
5708038397476171846
17891398447021001515
3997526542572956219
400791918167322971
16918797200196760185
6568783499662517374
12110654950672322604
12707325611636816826
12245783089246420936
2259337682061864993
15396535852068104694
6698650052227861972
7512684772164548333
7075258436060563151
536318129027767799
10872243083831248645
7271506400064188563
13477988667745372819
5040777734583991247
12081996690290604914
12215568251973628995
11718403096360993779
3361218209995633117
15922227689675386890
9337307274253163128
592006240341133201
2378687797496734316
8456835434900831191
6305402565427224970
4658867348849406627
16918797200196760210
6447066194618247288
6345002501409322152
8799783444456708429
11637806935809427083
2754836387027455619
8055104976463987426
5487987208215409342
9308020269981993041
15746013302398190460
12900768959499113147
10409049691537204961
5364750714722203813
11791076875232451007
13781863330567793331
14322174840021945550
18076364964143427820
18090820786368842849
8923232082554648725
17182586480200065693
9376017265626429950
10703256158192738477
2979038280402760159
16970421826474066391
4453983586144330607
9098570431587541770
7623472453289638081
4492364145650340516
10313119691599031438
13022724650432501599
1987279736351254925
16626132437125945288
2978164048165584938
4869206174739492142
18043092541799753545
15708554090938334745
4546794154720641915
2359397841600549388
588423166828923136
1436747335551132613
17123917485568682013
6924538193728274333
269890573477782977
15526323510102543889
13060784463105562292
3804756178417117882
3855966726465216984
4128606437357974789
16403306673191010421
8799783444456708844
3109392806986228334
4648670260316282863
13868672760055888091
3535091947470921381
4445241596952321798
9354664575381628918
12127098507169608475
8764184577786893121
6059627872930712446
4093213995530897391
5483051716453925165
13767544030904619642
12476677663565919446
7430409141600489113
11465064942517059921
14894801770894001960
2970370204758689400
4640218120280749229
1240703959422296485
14261534495036846667
11559938851997798272
14749463736153388754
4863555440419693963
2865332095350187785
13221570439991766390
13775995517157850390
17407112471205260649
6919860080603818613
8055104976463987124
16544036019751291114
13763610122929564983
68018343570983069
2378687797496733835
14540612003935817196
11653284661767091597
16796944376479199222
12439803907742233670
2582875494603170666
5518774029435466661
7105817264680430243
12245783089246420031
2545920729048474887
3455200522000149281
16837189513933609013
12666030109010817678
3535091947470921427
2366738124580698557
4624144889500026131
17997992787503001235
10948947767479406208
14669160265573310264
68018343570983901
7588897920013573687
10126674573851295352
810703557240507498
12348982298907516769
6558990978992785112
9300830644006102065
18090820786368843504
12177169018100885177
1240703959422296474
2966498762897021966
157529942244392081
15768776798856380429
8497266131753605249
16837189513933609291
8518401035639409473
13815123501044842661
11772690709321573837
13755516169580905821
9267355387441839841
8057995970484250173
4093213995530897134
16769045453829616406
5086353211901439824
17074414318768032641
8456835434900831228
3324785577681220564
17095247514223627961
7035887783828343859
17436661998620215262
5237888584841918486
15478124185612281514
6568783499662517499
7731147323722408266
10897500162608570693
15708554090938334285
15511870549100085082
12484770031687654359
12581246684528285418
17256978532881233927
8000323803213071758
14540612003935817709
13035784824142032919
810703557240508411
177140034269289443
1437861257847740957
6305402565427224708
16575312587397299038
5438572788073577295
68018343570983762
16492819468155863268
16056266092953220200
1652566779337903887
7083930581822079649
9382557261025671043
5000847346368816589
15299608343401422495
17719271592753224534
7637405684246880190
4729538911996902089
5122430734344497591
5412223809029864701
943096569452373085
18005250028898294041
8829540972916446969
10724000145376898757
14404664875956186772
10824748997257434736
15299608343401422775
5515719617274318177
12877548534180133091
3804756178417117263
16561985638571126659
2673564868837028423
3641634043274302243
2582875494603169833
3130131882669791686
1074948592430157048
2907945584286810252
5724008424101451259
12515632312656988263
10897500162608570890
9964019241505202516
14386233631684184052
1240703959422296839
8883905947789369893
8940902437211157261
17373439219342013876
6832600459160250293
7430409141600489131
5412223809029864468
7281761120593667057
1277914968048181315
7934296398772662965
