64 268435456 256 1
8175154427962972065
3271706583547348745
1109464610479562092
9260194535493307681
1109464610479562090
15545285282707557515
6791624028404252490
2051819876259234159
6317306875600731323
8175154427962972087
10567895382035952317
9260194535493307653
6791624028404252426
8175154427962971947
15545285282707557493
12179948789682486881
6317306875600731295
15545285282707557411
8844321898960387140
2051819876259234075
11199092519997942070
9036141131357838937
4079213192395714439
1109464610479562107
6317306875600731155
4029771239988593574
4079213192395714367
8510446410212867297
7264090549953525570
6791624028404252647
10567895382035952129
6791624028404252636
1222869207040012242
745904799861295835
1222869207040012034
8175154427962972142
15545285282707557502
8175154427962971984
9260194535493307810
9036141131357838922
5233903231568404222
9880139516342456303
8844321898960387323
9266584993737989490
6317306875600731230
8605015498655028086
9880139516342456092
11199092519997942069
3047266421358378055
3047266421358378160
16072781779609506039
10567895382035952312
8455084496725901652
1109464610479562060
2997802249404625132
2686490016432075726
9774454954730560026
1222869207040012093
12274751239302043209
6791624028404252494
10499444074134463252
14784574783010640861
8268517356789177997
745904799861295776
7695677184603997339
17312596926696344876
6552856516541258954
10567895382035952254
13100480296397383321
6422436083246018226
11848600451306976490
1109464610479562094
5233903231568404164
1289633372317126118
5009572422211053459
8844321898960387242
1222869207040012165
8510446410212867293
11743241957028043827
15545285282707557399
6317306875600731198
5865617009591009331
3943623129569245587
10405112430503506698
2686490016432075699
9266584993737989484
7187541189165390307
219140427351712776
18180644689546940391
9801510248972083291
13782689631161765104
7264090549953525580
17312596926696345031
10405112430503506785
4601948695272221363
1109464610479562094
1646249738306720329
4992506675706682686
10567895382035952270
13782689631161765076
745904799861295645
6514431001296019866
12179948789682486919
10855900922640721601
8510446410212867255
14987100608385545937
4992506675706682661
13698698837781404715
692935217789321608
3787314885352680254
4601948695272221398
12690221626574775906
4813854575361218253
9260194535493307854
12816861351922678951
9880139516342456252
5867537356055703947
9801510248972083408
4992506675706682817
2997802249404624985
13259827954430879256
6676115779751221699
14220033827860357668
1289633372317126010
8605015498655028111
7264090549953525714
5865617009591009474
15911135903882334022
4079213192395714374
10501060975689502542
12771104182401407604
4992506675706682814
13995421111427492290
6290027857241129045
5867537356055704039
17659495920411433179
3775758897525904513
18273948727167841568
17312596926696344855
3271706583547348957
12816861351922678880
7695677184603997297
12867496645828984043
14377594779082636352
11941895494661617853
16389292476882484865
3289844899517429064
10567895382035952192
6290027857241129080
12771104182401407603
17980861365575475618
13698698837781404891
15772610571398701428
18361593300024121554
1365765421491678728
6422436083246018205
11474117858721734918
2833153620151595536
13100480296397383217
10655886997838477969
15772610571398701546
5867537356055703917
4992506675706682840
4319617911453266107
1408596234499978836
15545285282707557604
18272964376509777383
13521035667790647476
12816861351922678846
8881386313208058226
6317306875600731252
9880139516342456189
8862185023343050474
12312629521269728126
4835257895812612408
11742850111609448436
13521035667790647300
11730879601482516738
3024479871953489879
4628187974758708969
15545285282707557538
17159044694496380201
11742850111609448376
17312596926696344836
12867496645828984038
3047266421358378167
6590710039856878110
14695103864051687869
1289633372317126059
12690221626574775824
5545137878432675946
12274751239302043311
12312629521269728145
15440609404220384245
15325518267203356868
8836079792571173130
6905352105684623701
12771104182401407532
8881386313208058322
8455084496725901804
15911135903882334129
3787314885352680284
8175154427962972082
15736109625845920226
13698698837781404715
14603582457464058192
4319617911453266108
5460153779644882331
1289633372317126074
4835257895812612509
13055172198481435096
11730879601482516922
6827887438348286893
1365765421491678901
18066760768570479335
6827887438348286757
5508730512421342972
7171329243632463153
9237303766062009421
8605015498655027998
6139531153976092645
15614074957086593165
9050011719248316776
15503447161431150099
4502754381478276716
529306947705710664
5233903231568404207
1109464610479562102
6139531153976092627
12960761668087648285
3815040495301057504
18361593300024121487
10849379279402050735
12179948789682486856
18273948727167841684
1517295569648020850
1672330442984950695
304373547530403299
1517295569648020949
11534955964696617061
15703491572420755239
12516101594209921548
15976943813177854467
14220033827860357711
9605921435328083831
6791624028404252569
3910499290478913123
15736109625845920099
10146124561353496370
2887572410227938602
8605015498655028034
3289844899517429010
17217226079600660200
12173523193514269207
8228891201510198963
1109464610479562059
4813854575361218066
8697571302222726264
14200278825156917901
8543185472387466113
12771104182401407633
10375962434359449
17659495920411433142
7264090549953525609
15545285282707557607
13444998234165332670
6290027857241129170
4891399821689704067
17596892678407732476
15911135903882334094
8791074116593304312
6905352105684623668
9774454954730560126
8789077016726036086
11742850111609448193
7230643510158693429
1646249738306720280
12066982094097852520
17980861365575475471
13995421111427492253
12312629521269728076
7256619608502242318
8455084496725901621
13642396645878310052
12355557456016366347
6422436083246018271
18361593300024121371
13836752185286640467
4029771239988593605
6905352105684623815
13100480296397383206
16665364116975303960
6923761444551994134
7230643510158693609
8697571302222726369
3777779765501591259
3910499290478913231
8510446410212867109
8066027015451767016
8836079792571173352
7521598981231649773
4813854575361218286
5532889344484360088
2973984620924846614
829077312868735192
14377594779082636506
14804707970596109233
4835257895812612586
16212402013988308793
9801510248972083313
6625070451434655372
15127749097095388845
18380291114987271897
9379864795824629345
9260194535493307754
7304305317293273720
1529314299408421904
7230643510158693535
5865764528854083172
12152851179228339372
15545285282707557597
1158782507048453738
5545137878432676018
17313310553337497211
8481961151257964886
14635805040684435476
14199296257736085820
9321818641225409111
2350455660765503770
3460981851956255533
3910499290478913134
3724586490112618126
8836079792571173285
17313310553337497118
2677149375577117435
14114700610780710547
17596892678407732440
15614074957086593103
2330647635384188540
7121792147807157198
6317306875600731377
8881386313208058365
15127749097095388850
14229688656218739346
1529314299408421954
14784574783010640770
10567895382035952354
16653765344947355636
4992506675706682870
10501060975689502572
12355557456016366391
3555351696741687052
9845577659478177184
13698698837781404892
12355557456016366366
13388841490534195579
6791624028404252633
7695677184603997427
14240618605494496278
5009572422211053397
304373547530403122
14804707970596109086
13502248176418546835
4992506675706682661
6552856516541258912
9313048639178228741
6114709512982881388
16830366705469626487
16389292476882484854
772355159297609007
10751117946357509673
14695103864051687793
2330647635384188521
4016846007182102482
11941895494661617799
1148548327266018410
7121792147807157087
15521914669743997312
1222869207040012149
5319952958655134946
8338697354609246143
1888919352480413968
11268794463544071831
9968305942972975952
11010785151280107411
13373961679906355520
13444998234165332634
9774454954730560160
2677149375577117242
15614074957086593175
13920339730611648585
8690147556628572928
11743241957028043840
16880740279679384102
18081127350939430374
13767668965222723373
7567406084537884411
7256619608502242413
13810580129662934472
3910499290478913237
16636429684817369905
8605015498655028150
2096622176831046725
291403276613286986
745904799861295665
12066982094097852432
7304305317293273818
4628187974758708858
11210090083202593253
4988966679912866872
11515932457491573571
9549056868849942008
13698698837781404710
9379864795824629322
7171329243632463174
5233903231568404035
11310554238640525663
6676115779751221755
3672959738238670811
9375704234659650838
13621119229177159415
17009483043881438566
4034803242675529619
11743241957028043998
2350455660765503961
1792024799974603407
10237609591559589027
12077079343857848403
1301348448282530477
17980861365575475562
5009572422211053468
13056164969385183310
13056164969385183413
1529314299408422117
16416407251906474636
9880139516342456241
17503246259255195219
16212402013988308860
9004131117169275193
12143829421920145623
17889974795378115143
18180644689546940413
11199092519997942241
11268794463544071693
13170456993214955132
10501060975689502547
1560118531015226660
18361593300024121368
7252580184854752081
549808045602320572
1376415794231588402
7110558059953217539
16845329839549940462
9260194535493307668
5154995132002242377
8066027015451766966
13688489002497479343
16478458798780815958
13995421111427492217
11422126031622910502
1290503431609221596
13106385360563789405
7110558059953217653
7107211362209487073
14219013536752088828
13251463810992785501
5009572422211053318
9015647571892657397
549808045602320403
9375704234659650922
18103346742216105938
5474749503193772897
4670378457915062220
15325518267203356926
17892916742737395405
4634459580815279188
13782689631161764915
3672959738238670810
3271706583547348982
9260194535493307798
18020099849676625586
3158212544958319147
3517337327832165472
5460153779644882292
18273948727167841654
14987100608385545939
11705574632455542436
7710099032396371556
358912496378461091
772355159297609165
10375962434359433
12945386060240335485
10501060975689502612
17217226079600660037
2350455660765503990
6808732077677161226
10114771998996206444
6422436083246018264
10926078829903935219
6676115779751221646
3051656159482346199
6676115779751221593
15503447161431150199
6422436083246018296
7187541189165390141
9015647571892657215
13700430313144586094
18272964376509777332
11730879601482516775
12143829421920145470
10567895382035952175
10567895382035952298
8690147556628573181
8268517356789178082
6049517669095582358
11825468947346135557
13259827954430879452
13502248176418546872
13221512243491580236
13532321438459238017
8175154427962971928
12516101594209921633
5508730512421342931
13521035667790647469
7648209500467174902
12066982094097852474
10567895382035952134
12867496645828983901
15545285282707557419
11730879601482516753
4492151613032183288
9597699926116754822
1195324899040635891
15440609404220384147
17209654032456694481
13782689631161765068
13880893258185115908
6417340795698981325
8785059432137266056
6139531153976092501
6383925017086531931
7648209500467174840
13720303655269076379
15292876286827153969
10303651638239478282
17659495920411433081
14804707970596109139
6139531153976092554
4502754381478276677
12282542468766660212
15809047591101574435
10959008166437588898
13621119229177159181
13056164969385183266
12423600447483883229
9379864795824629307
13388841490534195486
7896802973910274993
13810580129662934382
4492151613032183194
15160944046558567571
12143829421920145521
2973984620924846669
12527751781143730147
8881386313208058334
11797963649453176068
10012287791424154877
4016846007182102441
1326380891683166007
9675748759089098122
11268794463544071830
5867537356055704034
15809047591101574495
11887256423143445849
11705574632455542405
292884495878221627
11941895494661617905
15048996941688508994
10567895382035952257
10049419228874352916
3777779765501591052
4034803242675529660
8314674743178905042
5314671786488255166
2081399943298087943
6552856516541258922
7388733859829669745
13621119229177159260
15083545088177397741
6808732077677161364
3024479871953489707
10114771998996206389
6422436083246018256
10684064441069702716
13836752185286640517
13995421111427492291
15898283835608790820
12912786953576037654
1955343530628292043
17503246259255195288
15714608809301430890
11433246281755906453
11066685441790160848
9050011719248316836
15981040525994749475
15562576900871566142
13698698837781404681
2350455660765503943
11372272003430639746
8605015498655028103
17596892678407732373
14369578547526341011
10480917051670752796
4956376439393535786
10558947649098646915
5800863134678859815
3271706583547348831
5319952958655134749
16665364116975303975
15033757164186096321
11474117858721735090
5219450455158307957
2350455660765503859
6536642903825175388
8392975981651037809
16903645274726341024
4029771239988593491
9944191466546725027
3047266421358378142
14377594779082636426
10375962434359509
16389292476882484893
9845577659478177078
9258408318103151309
12495060775600745465
13836752185286640429
15804864354579226953
14842972745133416990
2330647635384188638
4543203201959121204
12355557456016366558
7545648250470875807
9378960948360423565
4976896553399026462
2513863226656516617
4029771239988593466
11422126031622910587
16399434183778957035
4008314157279841827
6808732077677161327
292884495878221583
7107211362209487032
8844321898960387212
3255040765684057690
5009572422211053458
3024479871953489797
6905352105684623756
15720260603110062441
8057874906105146265
13323746042282063409
3579124445004109333
2887572410227938606
5009572422211053547
4034803242675529637
10291898971790694962
15703491572420755356
14681985912834545087
15186823921367328103
10049419228874353015
15703491572420755228
7892931073064264161
7121792147807156999
13995417568834036050
8008189130224047911
5800863134678859955
13259827954430879267
13836752185286640495
3158212544958319323
11433246281755906529
9315784282259688901
10090467327432759397
13221512243491580394
14377594779082636498
17936589060552391589
7138581617770818455
17217226079600660076
12033677790184076940
358912496378460936
9968005867001006004
9579367737853858613
2540472462977348046
16072781779609505950
15911135903882334192
5319952958655134829
6625070451434655253
14603582457464058168
668314994981089914
13083762902749415047
6422436083246018282
9304129150145646385
10926078829903935150
9004131117169275333
8853978066382817217
14724800749210004687
11705574632455542462
9036141131357838885
7256619608502242343
4650024875940770518
9579367737853858690
16830366705469626449
3775758897525904551
12312629521269728099
1692459497835844201
2540472462977348071
2096622176831046843
8844321898960387212
12066982094097852671
10907064073798136045
5474749503193772973
15432372387329665874
13460502951626188791
1326380891683166123
14219013536752088749
9084076808923492560
2677149375577117232
3721453082288256905
1195324899040635843
2475083922382085861
16830366705469626509
16072781779609505951
17705621342222941993
12495060775600745305
13885124587994632068
15033757164186096262
6567792393013381697
18380291114987271808
12539078899212607231
15703491572420755420
8008189130224047913
824066961087520179
13502248176418546730
9036141131357839039
12985162431418843052
9968305942972976119
4502754381478276677
11210090083202593143
18167593232171113705
17140395588879428253
5644267118423074609
9968305942972976026
9379864795824629330
13221512243491580311
3579124445004109417
8982493868309494947
1184422579854857440
2305522544508337812
12173523193514269323
1560118531015226683
15083545088177397717
4319617911453266136
13083762902749414976
15432372387329665917
4079213192395714485
10875691042015558554
10291898971790695088
10714797421516187319
2093161672031667823
1888919352480414202
13984607183882778135
11559332523095723781
7838478946454153137
5800863134678859962
10855900922640721468
12975961139142988943
4628187974758708785
12928445416052757904
1222869207040012210
13867288500848801237
8311458190567162102
11373493734812899818
10303651638239478470
2093161672031667838
11195913038748388139
17209654032456694479
12856928923184278613
8342319552223373720
13836752185286640603
5800863134678859940
13642396645878310046
5474749503193772845
7110558059953217642
16653765344947355464
15503447161431150176
219140427351712853
10835455377905103667
12242110673582097246
6590710039856878235
9814145452151677393
3158212544958319352
14681985912834545004
6383925017086531944
4837425794619347392
2183128375033772350
12650122259445023812
6604479227020268888
13323746042282063518
3282513856141441262
13642396645878310030
14199296257736085961
3943623129569245512
13859095531535644121
16135597766051418105
8392975981651037783
5049219509522848472
5154995132002242403
11525519579673190609
12066982094097852506
10959008166437588843
11195913038748388195
10835455377905103617
1560118531015226637
10671361578657430805
11010785151280107412
8905253998659697524
8697571302222726255
12912786953576037834
1184422579854857385
9734648843778101422
150621510938795337
4988966679912866881
4379303905881469218
5474749503193772803
7138581617770818318
6278173281535782969
7121792147807157199
12173523193514269314
5679696329368801869
11340851184773198150
9501771472365290703
317408351226783009
11825468947346135759
9550128079753089052
7304305317293273677
1354099541935209292
3289844899517429188
3787314885352680352
3355097674191102102
13854963166287066487
17503246259255195369
10114771998996206344
15325518267203356708
14518901286714510061
17723068326196952372
8789077016726036167
4976896553399026520
2775281693552859383
13460502951626188653
4837425794619347265
9605921435328083966
3607847928581414611
10121006263333953445
3013181710905847505
12087450712132589750
10910682138361092572
3844241812317123362
16665364116975304021
5346766139633662280
12246194621135973493
17622335172246057344
12495060775600745281
15001388198559671336
3544555372089061474
6650069542548415685
5895089837332693656
5903275031759610122
5865617009591009437
17308123216432369438
9003124885245788336
6717931452306835097
2997802249404625013
10751117946357509736
790967713347534882
3935579261962861457
4502754381478276697
8071027666890527117
10926078829903935009
1888919352480414081
9036141131357839059
11214704348548718491
15787462163015883109
5946334793903860293
12355557456016366442
11887256423143445880
14987100608385545871
3555351696741687243
8510446410212867256
9375704234659650854
4034803242675529497
6317306875600731215
5784585776107746420
8066027015451766858
9675748759089097994
9550571100630233151
7268734216023686157
7239417481741490682
2677149375577117315
12340894625563324880
3942435259682722853
3517337327832165501
13123408761410499667
5009572422211053404
18416495881386762158
17503246259255195152
15875397468110172337
13810580129662934276
3460981851956255733
12224400895988344498
13323746042282063502
15439489254926574614
12912786953576037788
13566388858684763478
6049517669095582305
11472526399018233397
1685356891481408616
2350455660765503878
6175175115722322820
8175154427962972026
15976943813177854466
8510446410212867134
11433246281755906354
17137125230810249567
7107211362209486917
14461923610706477106
10291898971790694928
11199092519997942110
4771782033823631903
8175154427962972095
10855900922640721554
668314994981089974
4319938164057760271
14987100608385545778
12912786953576037830
6491897671191754933
11797963649453176115
6892880578458417660
1026010132105442951
12912786953576037883
8674439342219454514
5895089837332693635
5508730512421342791
12152851179228339240
11596480468015868892
13563169794237393263
12224400895988344497
895788917740968502
18273948727167841787
10655886997838477841
692935217789321482
10875691042015558585
16478458798780815962
15501089576422434137
6085380647513614984
1290503431609221535
13688489002497479184
13721769572731229894
11797963649453176249
4727182419305512793
424100296351398362
6054503402524450062
7440461788025294379
9299779200461176983
14017064992947250556
4634459580815279105
12173523193514269274
16939904797125355982
13462695580990516277
3844241812317123338
9592519539286319934
8365305762826606101
7138581617770818505
5009572422211053413
6020033843445854187
13529871704085490180
1481364121574315272
12354427111427494691
5113393872809385876
8905253998659697560
8905253998659697564
2475083922382085675
4343615809514058641
15520862355054801849
17685281442149042268
16939275288135656949
7268734216023686340
422354507726153350
1486948661235274836
2458914122794487275
14280485311610328233
3158212544958319303
13542775312438657544
