64 268435456 16384 64
13696880771440618319
13696880771440618274
8023440557189921461
8023440557189921349
5995086980279143077
13696880771440618320
11796920967289406271
9195613240835041338
5995086980279143104
13696880771440618360
9195613240835041489
7799734359189041030
5995086980279142922
17876960540410150938
2072363611800119326
11224043121430897813
7030408732267574786
11224043121430897687
1648160337027849092
5995086980279143148
8023440557189921405
14474904912980975841
15567158196635628688
7994998462032188875
1648160337027849060
7030408732267574822
2072363611800119529
5275424858212539104
3858442198762430472
7994998462032188724
297253057075698092
6344580560376918970
11796920967289406232
16019792802366340598
14474904912980975718
7030408732267574951
4410071349099829751
15567158196635628636
5995086980279142994
8718950080688880832
986103027186313693
13696880771440618375
8718950080688880810
5995086980279143005
3858442198762430656
14474904912980975665
5995086980279143058
5533409791704161934
4410071349099829518
7637958444162298364
5533409791704161860
5275424858212538985
14474904912980975834
1648160337027849053
10555398124007736862
1648160337027849110
11224043121430897693
14474904912980975633
5995086980279143158
1285536188331546441
9400592187809394809
10555398124007737064
13236080541048747944
5995086980279142965
4600330590141003709
11007383632301702117
2597192313947143529
7635317932348796421
9904538205891730260
11153963134420502576
15657422666027795739
3092430450806826690
3257738904421870337
3177932963051119966
15771865483725508412
5533409791704161950
16019792802366340580
11153963134420502544
4600330590141003554
7637958444162298216
5995086980279143167
15850703883513228175
6955385090120937998
15026224885511598133
297253057075698096
14776899470247131788
9619014980209013028
2597192313947143559
7994998462032188831
7058174521437943122
15850703883513228211
2072363611800119475
12400606721884805954
8825370311397893021
1751880257168776861
7180745955471121205
5776689469110045957
11153963134420502652
297253057075698026
1648160337027849059
14920347306408457039
10555398124007737013
13395922173460681114
7620275080526330044
3830283787822740043
13355204182088687087
17965267972168433723
10025916186168521335
2321284021238592326
1751880257168776718
11592370696118841630
15026224885511598273
1751880257168776925
6916261583463714114
7962558413175853872
10999803845294981450
5356852897294506621
6344580560376918926
15275854106608905097
13929300789245075837
13236080541048747994
8808915536981868647
11796920967289406383
14424102696929114749
7994998462032188787
7180745955471121304
9904538205891730210
2061916666894413888
15771255384821995246
6916261583463714225
14424102696929114876
5158563509586829612
13012390461487671275
12521745679188804951
17965267972168433672
11300299398247902514
8023440557189921514
15567158196635628544
5972011923789099623
13012390461487671082
3858442198762430553
13355204182088686917
13012390461487671232
3583344619738017842
10025916186168521438
11224043121430897783
5356852897294506706
5275424858212538939
11940978174964746012
1285536188331546486
5553206311329746033
5533409791704161873
8888850757595905978
15954765013478024925
8482011142447870141
4085192958685459690
986103027186313648
5972011923789099734
9195613240835041497
8808915536981868632
3704362473933340812
14263051280317410660
986103027186313492
5275424858212538912
8718950080688880793
3257738904421870341
1443072487431237276
8718950080688880860
4467130028281206562
17638841030162655886
9619014980209013006
8808915536981868695
5553206311329745936
16423600868672464356
13063217159377824298
14263051280317410587
5555901473367058301
1672929053698701895
8501392345813642793
13929300789245075934
16455852555666588441
1751880257168776871
15545454914792190822
16938910326202149005
3931980622954841254
3177932963051119900
13701244835156800315
3583344619738017963
3677475516275924539
9904538205891730334
5404470608698410259
11223208963660786624
17139274589845707515
13395922173460681126
11300299398247902704
5776689469110046137
6942817843885003123
8438886769240935706
2061916666894413989
8825370311397893097
12400606721884806071
5802974565565166674
13236080541048747961
3830283787822739972
10976012238740735807
8718950080688880723
3858442198762430719
15700520960702102210
15823237956525918789
17638841030162655932
17547726294705089010
5299554684275614698
18315458036831981311
15650096940799777323
6294834315949796563
5158563509586829685
6742322114461717835
11223208963660786525
14675925368832402520
2321284021238592352
16019792802366340378
7104228907289052712
17327878487973509304
12774859419565531534
7290021559927442391
623518998096814317
7620275080526329859
18109651502104977863
16686657289672294652
3931980622954841145
10006258395107479613
3825764866792389733
16862299417469518161
6916261583463714234
3270038917320856485
17139274589845707316
8482011142447869993
2846076567432436780
1564645748320389902
297253057075698151
3825764866792389820
7637958444162298148
1285536188331546565
1672929053698701952
7962558413175854056
4920343263866265246
16207191547486387636
5533409791704161979
4085192958685459520
15114027412155036347
3257738904421870456
7945816314064733572
4715925678777129073
7657017155316975362
16423600868672464318
6850552310379787512
1751880257168776908
15700520960702102190
17520123249459826075
12917556881414624573
9644519230830650567
11589482547817780766
15259096512860656373
2614972581094926243
17166811807802575713
14920347306408457078
7290021559927442293
3177932963051120049
8492397957738712644
7823892804804243628
7637958444162298295
17139274589845707267
15771255384821995263
8718950080688880774
10089568029057083435
6839017241129546923
9808365773781799579
10171930599918856396
15567158196635628580
3931980622954841265
5299554684275614479
5404470608698410388
8808915536981868671
3670892647939591017
11372076402650891341
5683471687967968162
8023440557189921525
8825370311397892930
10059435012318445662
1459352918549348466
9644519230830650520
4715925678777129077
2540088989916494367
7635317932348796503
15823237956525918822
7945816314064733532
8501392345813642976
16132038724060614050
8803963175553854566
13696880771440618482
8492397957738712794
13063217159377824422
5103908764024415861
16132038724060613994
11589482547817780785
16278887770088513791
11372076402650891317
9644519230830650449
11153963134420502645
10452395432218430065
7994998462032188783
15026224885511598258
7104228907289052750
15771255384821995064
15259096512860656185
13929300789245075867
8492397957738712739
15026224885511598185
6942817843885003201
11643951414388736313
6916261583463714280
6519882269657002791
5299554684275614470
13480065143727540389
12831222796530553572
9400592187809394769
7106328255241434230
821431999558241785
15259096512860656304
5299554684275614704
2597192313947143547
7934124621349418624
6551540199612835838
7270286183580222442
16961445196858116950
6839017241129546996
12521745679188805116
8309652025147365557
10452395432218430095
2145471000208329854
8888850757595905847
6551540199612835775
13847758106564365592
3323888508219695481
4872494484142064852
7150117596978310491
3270038917320856409
16862299417469518162
2571386681925409838
7303258488621123122
5158563509586829768
12577482036355093542
2224902322095048465
10808748812944708844
7510312307066516293
8262481443059735374
1119719438910232911
15362128550516878102
12774859419565531602
623518998096814282
10292009645126117963
4038019777650940472
11153963134420502733
15026224885511598222
7712294464350517856
16455852555666588476
10570198227247781023
10808748812944708795
3931980622954841188
3177932963051120067
321626892323994826
10006258395107479620
5709232688628265418
13236080541048747874
8023440557189921320
7712294464350517934
4880397113929649168
8171837521700913842
10171930599918856217
6353307884238052359
7303258488621123230
10445512202918330357
1289318697950492552
1119719438910233002
7970603660239602796
13733228484287702792
6344580560376918785
17139274589845707376
10104828375108875392
4467130028281206694
17638841030162655977
12527016624511677772
10743899976968738508
4178810797328160442
17547726294705088831
5470059871531785921
3177932963051120058
7823892804804243595
8888850757595905992
8023440557189921471
821431999558241647
16961445196858117098
16372318275244032643
7335930688940254138
16140572281971860212
5972011923789099635
7484939251475712434
16019792802366340596
5103908764024415943
17899519674659216574
14920347306408457204
16207191547486387536
6835155043021004685
1602435971525407755
13733228484287703031
6761281517201738790
2061916666894414039
3917152768482729152
2224902322095048487
13847758106564365661
16278887770088513704
14763638944856883315
16747063815500144478
5103908764024415905
1147033273189622751
9722349632430600825
6115888407704242533
6517125805376425375
579236934822213313
16862299417469518229
10486267981977916389
10958454841886012906
17327878487973509258
10664562597585568402
5995086980279142954
16476981164529771943
13088605221863320313
12739426280480764938
2614972581094926150
16423600868672464284
1147033273189622622
3323888508219695538
1648160337027848985
14675925368832402534
3677475516275924533
10110131160027457372
16961445196858117008
986103027186313651
16278887770088513742
12639066337063570460
7962558413175854013
10799774380189995610
12774859419565531441
13163384671475110923
10999803845294981629
15838816431730303931
7799734359189041072
7063766793181921353
17902664800223721831
4410071349099829623
11592370696118841681
13657286011742600169
10802035926653165302
6839017241129546857
16039823498132447535
15114027412155036193
9170208414477185483
720634664346168817
18315458036831981133
10059435012318445699
16299194246372636519
5754923954266991613
5553206311329745948
411530751578118419
17444821641560807780
251585855866130173
8501392345813642771
579236934822213224
13355204182088687045
2614972581094926273
3190570479790028021
3830283787822740050
13355204182088687093
12294898333793372843
9118705988548271039
6942817843885003066
17744837180929134098
10976012238740735940
12742302005369835829
15859140535230309114
16278887770088513597
9644519230830650497
6791211444965836911
15954765013478024828
1564645748320389950
10110131160027457304
12900275136901685883
17865048909420931477
7104228907289052888
17858483214694876755
15950315410591677622
7484939251475712491
1699937574662278747
297253057075698072
1289318697950492597
1435710092217529820
411530751578118584
11589482547817780891
2097640394827595678
17902664800223721961
10870570502730008840
4369243434978700741
7819162272076942095
11131589742535308323
14607633987319825286
2193556987752927453
5776689469110046031
1602435971525407801
7819162272076942284
3092430450806826514
14346747640741059068
1535226819429278356
10808748812944708801
13355204182088686851
10445512202918330347
9811530006454018661
16568207453976309105
10388661578662089397
16568207453976309172
3257738904421870442
13236080541048747787
10034444999752609113
6896138257413280546
10025916186168521357
12577482036355093650
16278887770088513669
14599242396211809111
10958454841886012686
6344580560376918789
12742302005369835921
3677475516275924616
4369243434978700593
1215434062769913293
10171930599918856354
4920343263866265217
17547726294705089012
6183335585080305692
15954765013478024805
7137688682651341321
9296330825649416254
10555398124007736932
7198368966481099346
2224902322095048470
10837023684742750626
16484740431700097961
6115888407704242446
6955385090120938213
15950315410591677454
4467130028281206679
12507557867913464632
17899519674659216507
8713887884457217349
2031631476065418005
15492953561570904644
14815604057419312106
7106328255241434219
11823630728971893808
6517125805376425371
14886027009421776649
6138724632574520430
8501392345813642908
6200082290375835771
9601165963593068007
321626892323994722
15850703883513228139
8808915536981868694
5470059871531785957
5581944781062777266
10633240065811262171
9680210050926034211
15471863975794158826
873546720191913527
6835155043021004634
7762359201760595452
11153963134420502744
8803963175553854564
3254263122935183257
10837023684742750638
1648160337027849162
8254219011142361732
7609474478827770579
6791211444965836949
14914850344890427402
15259096512860656173
3917152768482729070
2544987749819570522
1535226819429278457
8886785422446611868
17004194303119342858
12131916628544603300
6519882269657002872
7620275080526329869
5802974565565166647
2846076567432436827
873546720191913703
3270038917320856501
10569104043058804254
8170729206847005613
13945144168117546404
2518062965334882800
2614972581094926281
13696880771440618400
6835155043021004772
7634381033739192892
8886785422446611807
6791211444965836813
8888850757595905870
12775315744003997281
13123171453241501243
5909482275648142861
5160594551786591897
5517206599128679226
7510312307066516261
12507557867913464665
12277541676757167108
576787268064492009
10196963938645479804
13186733779426493915
5299554684275614615
13163384671475111034
14158966834503178842
4606460942630829928
6835155043021004581
1564645748320390125
4606460942630829863
16039823498132447516
12481476442902852871
7137688682651341353
3830283787822740127
14729803445513830008
8804728801903491222
18003150355006168658
3583344619738017803
2518062965334882801
11131589742535308357
14914850344890427541
13605029556626998919
13186733779426493920
16039823498132447532
297253057075698150
3931980622954841209
4369243434978700563
12151232842855119188
5865196290560637784
8130658145347908446
3858442198762430569
109946285320507438
12057628889721585042
15771255384821995208
3696284543678417566
17868416985137742003
6240525904534710613
16336926131639597707
12131916628544603266
1162166475568848146
10941052029956292409
14418502899952239258
3912596126833283321
11442782341684600101
2776452361849995667
3858175633058609629
16568207453976309083
9619014980209013212
8130658145347908469
8130658145347908525
10702133707818680046
2791350976237700628
5299554684275614636
1626975122560215490
6596783807021698878
114480174508007164
7198368966481099370
14835239718404232738
17865048909420931515
17547726294705088860
12639066337063570555
7632486292845694343
17366149980287281847
11223208963660786562
5754923954266991538
12131916628544603234
1768786892078084140
14514014956934674585
13364876519135944092
16547050882596430758
18434861309927264791
10943878487487075387
17520123249459826069
7637958444162298139
4749725084442206364
7825532788345226828
14418502899952239167
3670892647939591051
5864726253060868473
6029238934547233587
10034444999752609227
2047992374455643408
10870570502730009055
7428088706761567117
17520123249459826076
7137688682651341526
2494996072308226546
394222978370089685
8021431155331366499
6087711249700074650
11602705014638845725
7510312307066516237
15114027412155036399
6391871494421705894
10104828375108875295
7512806873619296757
11372076402650891300
551377394547131603
13236080541048747865
13732189298960835023
8522935451961497965
7484939251475712337
1139693145349613665
15733656156382222958
1841088355794081828
18427782645040249479
8021431155331366508
8461572037568461341
10976012238740735807
5724147648070388375
14158966834503178991
5802974565565166692
4379932648847293383
2031631476065417999
16992506603451621060
10558905860570591886
798844759413667956
5937024271177876140
5015334059232623552
15362128550516878287
12419061264454733449
3583344619738018042
3787154912103681028
133736778965239459
1149063122147742295
1430806851258662396
11796920967289406255
11079362822510639077
12057628889721584929
8594675906190556387
12209196613734883045
6896138257413280701
16087369962700808469
3858442198762430551
2518062965334882614
6138724632574520548
10729075723370698954
8337984291780590480
5724147648070388333
14731469421817273718
7198368966481099342
12943105591192780089
11300299398247902540
4815818665544240368
721879860725001720
8753547594925885900
13364876519135943960
14158966834503178895
720634664346168808
8254219011142361854
4427144521497591584
6163541938867115708
3583344619738017954
3930750441274723559
7825532788345226917
18310187059533601336
12277629680816092140
14673381023108956853
1147033273189622539
14418502899952239114
12277629680816091931
5470059871531785775
11224043121430897676
18315458036831981281
17444821641560807763
16423600868672464256
312519306745208596
14793546357705677901
798844759413667984
4606460942630829857
551377394547131533
3787154912103681046
9379996757004489496
6955385090120938044
10912284675396732068
15569157468500448410
853864095672094298
4606460942630829895
9509232696836488605
12527016624511677791
10743899976968738472
18003150355006168615
14763638944856883341
15789411391514181361
12774859419565531627
11519631748897281591
2154993048711110884
13819169016179626966
11107789763596390077
14344862624679881010
14406440212986793517
12090878350878470086
8254219011142361652
12736965631835608168
9657318327962543080
12917556881414624560
11796920967289406441
11283038988757418945
14514014956934674561
11481161092471721479
15954765013478024787
3865894244164725320
1817752085662369188
3161005557034606042
8655383455569979543
14607633987319825166
2072363611800119445
18043958648783448741
14330017971682963461
1814486949498434704
17520123249459826141
10421207323285463136
13657286011742599965
6275969818989641085
7106328255241434358
15315819479054336089
4663940760328765653
4397995694435746046
14997800754604987893
14729803445513830106
9509232696836488552
3139211346700449810
3917152768482729056
8021431155331366593
2221132487069853330
6519882269657002787
85717061483903060
15465828349721110359
5288741029111527384
12746668831867659213
9086910739452642842
15320698611404046920
8349355730301585469
4697410834999206702
7235636984291825420
9333920544358340849
17849937316968804215
15814466444698246451
17444821641560807842
11169794271375837461
7620275080526329899
15296804689305915178
6839017241129546906
12917556881414624627
11719443747095906601
13657286011742600024
8262481443059735449
5015334059232623479
15700520960702102126
8023440557189921450
7605081143170777956
101325121432620528
17342066737486315554
1361960750316364744
986103027186313474
5382349551649683774
7335930688940253954
7819162272076942317
8717934058981248184
64602697118177733
2072363611800119329
5681977135350124181
3211805717907672049
10702133707818679916
5972011923789099600
2097640394827595652
16521571055497183524
2222376172290455978
12932166825256970329
15950315410591677627
14433331727200478365
5299554684275614511
11283038988757419003
10702133707818679812
13817982010865904240
3990132318250535499
11872684404170206638
13829830725731474749
95075028831595622
5581944781062777274
16347570029854467152
18349221573047735157
14424102696929114785
8210319452029085215
7478495638407344732
821431999558241573
2717882161637855004
17624877344193641402
3323888508219695422
8349355730301585447
877422394637642864
15296804689305915276
15512780662423480750
17876960540410151046
7040164889184323423
533252480254103936
15885637278147553119
6301808838467692455
5002757166614371472
7508611069370068138
6519882269657002932
10860465891594702057
16745248024006660657
10633240065811261992
17366149980287281804
10729075723370698928
11910670327475210099
17198669474104510605
107354016202401167
7825532788345226860
11508327048274976505
1199920299453127330
11632723125866606621
297253057075697960
6488156204865443707
16278887770088513585
16850346899402305571
3312347941625469084
16961445196858117020
16890557919309891816
10205323368807526317
6081143175196149005
1149063122147742451
5356852897294506646
14173238048030011036
4606460942630829968
6390973943598039474
17431458091763715716
7960051431867094831
8703568661422536148
15471863975794158772
9618796287097101902
13497036776800831045
18349221573047735263
17876624256458494935
1958268331056609866
15512780662423480806
11796920967289406255
11592370696118841605
10266595946451298552
12410351375171376584
5288287027799093834
3211805717907671939
2846076567432436988
14396663163836035303
1121036246899974476
14474904912980975789
18417158312979353435
8410385955814170694
3150776864206150610
15293125753970625298
16961445196858116892
15183641128795877639
12131916628544603224
9808365773781799589
6138724632574520331
6390973943598039368
14914850344890427555
16087369962700808588
6184434171599984107
5032718043154740648
10837023684742750591
11007383632301702091
8522935451961498033
2222376172290455812
4038019777650940541
13817982010865904265
14835239718404232824
7150117596978310557
12445590721480084094
3211805717907671856
5862688220448768472
12151232842855119351
12975565373274356584
13497036776800831153
